$ANSIBLE_VAULT;1.1;AES256
36356230613933636637393937303139613331663833343333366138306134383637393961363637
3536306139636434626466393433313136326663376434660a376238383135323430373037336639
37653833636334373664336531366235636333303063306162646164343837386537313438343937
6134376539323637320a386132383136623865666464373930336436383739336537333436386132
63316466353265313539323538613863646130653139373465313832623563393463366434626262
33366239663135613039613238633738303337363030656635386230373263343939316563383862
30643830393634313262356538643133363962323436363266663662326436356531353035356239
66323265373064636163666638306234303362316665623631303266316563613839363437343033
32663633333661623337313434313264633066613662613464613765393562343933333738633632
66386663303833316665366663636134363064626130363864376261303232323439633030353762
61366534626630643732636662336233353535333431353333626435383238646461643161636238
37623463323035376131313836343663613464623765613464366138326136636338633061336231
37386662326430313064333039393237633533306334626266336666643066353838363838333766
66653736653530363335343337303036353932366131623034353937383361376232666661313434
31366336613533653334346235383639623163363761653331343038613533356435613564303833
33613530626338323964643636353733346334643330313335396337663263303132366234373332
32343837363233323931663331396164336234366432353565393462653730373265663033343639
63623034336237663538653737376462303633666335653466653235383939656461373162363562
33626365653864393862333432663635363761303137623334336538646139643161393464626535
31386631633763376337666463336463306131326162316535366131626361636231373831313436
62363862393639646637363230316338613964653132633736393632316465373364383138383062
37383034393761323866393064643339303438623463336230653034326638376266373139316665
33346630633561336633356365383035346330303932366437653730333532376361353331303132
63313235333062306638656361393934613266653833363964316365333865333134653661666435
37306461373964303438376632396437303138646165623632326439636230666334343131653965
32383733326437396336663531653462633433303333643030383732363962393930396231316663
39656634353536323664353635646465316438646531623538393866373436653062336661633561
65363563633661623033323236633262636535353265306232666230393437373132306665366665
38346639633062613762316665366466323561343537616538653062343066613838306333643738
64653036303031656339313263613933343261376539376132343365393333633234663136386632
39656365393163663234366263623566613032373438363563663334373032623763313931393033
32306137633263356439626339313166303632343764643634333330383565623432643835303961
36626464616666303163653733396337306631636330373162643030376239613233323030343966
35333334383261346337353137643432333633303334613134366236663465393936613138633338
39376339646162323431663534393934393532386239666139653635356139663662303134353931
37333632623031633133306664653332633965316339633261323531656465336135626235316663
30393634333662646465366139316663396431663032663131336334323338613838303166303363
37386434356331386334386530623364633738393961623465636462343830313532393163343563
66663336396138333135306638653136393165613061353730656461373937623532643738616430
36666466643634656234313135633738653765363264363362633931313033643630333532363535
32343031303063313765633663376464326465623239353862313964646266343330613933383534
30323064663538306663363030353062653735373839316261623730613233393130356438303730
65393461363761303635353435633033303538343061383733306363376563646466663666653330
39303661363836623039336364386530363336336232643631356338343533393536353735396530
63383638396163306562373932653834323266376631373166313635313533633166636661316231
37363632336532613337346166316132396130303032333539333237366463356262663930333332
35346162376461323061666639663236343062313063633766623735653762353636363732333837
32316665306630316133616363393535353834613634393937633062353031616531383732333466
63313061396462613164346538613939616262376335386231316665663831373639653136303735
36343138326134643265396465393734383335646663613166373862386237333939373638343836
63663162626235316165303038626134346635326639333461646433336134333065666230623534
62333536623166646439373135306233303233623736306166323731386163633832616663333862
37643338383137363362363733663335393832313665353238386665376462333066613264346334
64623164366266663464656334396432663735663133363738313261643239346533316131393236
64363835666161306133623034383663366533366264376163303334373331306561343134316461
61306433333434366366376635346265376334616430613837363263363163376261666633656330
30663531313039323237393639633862643635663333366163633636393333333564313863343936
66663963336131303839633466613534643036376339613438616630356630623633303332373732
31393666663834333235666436616537623633373362613966656534376462333432366465316231
33643636663037643439356134376662323165646633333135316139363030663438386661633432
39653764333834323163666661356361313734656433366434376130356534623833363562633539
39343931666332646436633166613835363238646531303163646464633238313334303562613863
32383232313931656466666432386539323832313438613338626265313233613265366338383531
31643161653466393764336666373033333238663165373537613866666536396262636535326231
34323539373231623037363933643134663038646565323236393566663330383961653732373161
30373630396538306565653336303937303435313835633830356361626236306530613139306365
39303861656465613532333231366632306566616539643933633266373138643038636164666232
64333963623732383163353464366539343566383736306566666532343134653162636634636438
64616539616432306464386261333138633366386465373837346265363639333530653164366466
33626261326362326238313131616134643535643566323665633132376138643865323637353231
37636433396339383230353961376132386466353832386639333061643339636565653661363964
61333538383366366565336532643931393863623662616435363739376332623138306432653962
31376231373637323535356139343831353131613865396265316334356135386562663166616539
32623131363266363261613565646166303631326266346562376539393738366261636431353765
63396133363838303231623965623566316161396362346261323436303062303531396430636238
38623462616239623830613561363031626632333563623736643161633263636363376362656464
61363236373733343666626565336639616333383135396639663930376630646461326565636163
39396165373832646637643766356664336164396331636631656465616361383231383166666162
63313163666164363261613630393064373938643231353731386261656337376430343734666336
62343134356266633738303130663162313338646138366335653061663161653361366462633061
32346233643533633364333632393565336662666335376339366664303839326366313534303536
33613730383735316234303462666362326335316365383762326335396563323164353032383635
64366565356335346566373734633036623537663238623039326666393237363039386363323931
66383733636366363466306131666639636263303636376435333933663266373539346162643537
63646563616234366163303465383031323431313163613662623639316636366562303563306564
66313739336636383830356132366332663462613235393735373561616663633934653933343138
33333230633362313464353762656561323562376636346439633063666335386131663366343331
65653966313733666361316264356165636664613032333061653863613732656632633563376665
30343037656564376264333761643337323864626430333661356639356430643537326330616337
38366563613763656339393138666132663662353935393164313932663934663937323732616333
33646232343664356437323266396664653365306636393532663034616538376633666633663765
35366635616661323937316164643063313330346633396334623436316361313861636535363432
38313666303766373231623936666339373435326535353933656164373463616632626162393339
30663132386533353638333035363364383632646662636437363937326635303139663935653766
65363435353263656336313633353062646162393131626135653734346466343739373131396336
65366163396333323536353534396135313536613736616137313364643731656339366566636533
6636
