$ANSIBLE_VAULT;1.1;AES256
62333233316538326464656437383931303339643431643062333735646239356265643463343539
3663363730626335386334333536333364313632653431360a353663363930396633616362303136
64323335393732393535343537303366653536613730636264663837343636353734626334323863
6635376239626630310a396662353138356161373634323364313764326337343839646630333939
63336130613363643437636534376261363634326534346636333264336339613163356433333437
38363032393064366539616661316165663531633538623131303961336262356532376435303163
63626366303934343333663564313431383731396262663964616439653436666633623765353766
66316238323264373737656466383961386264303533336566353061663734333931373763343136
61313430666636383863626535356261653337356233383663656332323136363162386462623033
34393661343330373332623631393931303362303937626239333832623964613735386232343936
36616266313462666231346337383633613634366264376634313739646438316161396538363936
62363738386566316261
