$ANSIBLE_VAULT;1.1;AES256
30653032653664393534616438323232623331663034346139383964313061373734396531333935
6530316139373934333166326162343961306236326439390a633438363565666537353965323365
65663365616564666535393861383235393831363439306664326633636630313034303137633266
3535613236333533650a303464366564623836633764636432346434366234613336383839313538
66376236353735383532633362356563376262623234663438386463373532323963633131326363
36353031363034373961653963313633303463336634623164363564393365666366376538356563
38373532393162346233633339636264343534613339646437636666643335613938613034343034
34666539353831336238623363306264623239613538363131373132323039346237313762376563
34623631376430663564323666636366383033346331363136323635336335313330346136396131
66646233663631323733393437396139646237336238313731663264313063643538396435333664
333930633730336166333433616231616462
